['[net.adj_matrix, equilibria, lstars]', array([[0.        , 1.63194043, 4.01918219, ..., 0.        , 0.        ,
        2.52210924],
       [1.32212374, 0.        , 0.        , ..., 0.        , 0.        ,
        0.        ],
       [2.15146371, 0.        , 0.        , ..., 0.        , 0.        ,
        0.        ],
       ...,
       [0.        , 0.        , 0.        , ..., 0.        , 0.        ,
        0.        ],
       [0.        , 0.        , 0.        , ..., 0.        , 0.        ,
        0.        ],
       [3.3145219 , 0.        , 0.        , ..., 0.        , 0.        ,
        0.        ]]), [[0.1, 0.1, 0.1, 0.1, 0.1, 0.1, 0.1, 0.1, 0.1, 0.1, 0.6555555555555556, 0.6555555555555556, 0.6555555555555556, 0.6555555555555556, 0.6555555555555556, 0.6555555555555556, 0.6555555555555556, 0.6555555555555556, 0.6555555555555556, 0.6555555555555556, 1.2111111111111112, 1.2111111111111112, 1.2111111111111112, 1.2111111111111112, 1.2111111111111112, 1.2111111111111112, 1.2111111111111112, 1.2111111111111112, 1.2111111111111112, 1.2111111111111112, 1.7666666666666668, 1.7666666666666668, 1.7666666666666668, 1.7666666666666668, 1.7666666666666668, 1.7666666666666668, 1.7666666666666668, 1.7666666666666668, 1.7666666666666668, 1.7666666666666668, 2.3222222222222224, 2.3222222222222224, 2.3222222222222224, 2.3222222222222224, 2.3222222222222224, 2.3222222222222224, 2.3222222222222224, 2.3222222222222224, 2.3222222222222224, 2.3222222222222224, 2.8777777777777778, 2.8777777777777778, 2.8777777777777778, 2.8777777777777778, 2.8777777777777778, 2.8777777777777778, 2.8777777777777778, 2.8777777777777778, 2.8777777777777778, 2.8777777777777778, 3.4333333333333336, 3.4333333333333336, 3.4333333333333336, 3.4333333333333336, 3.4333333333333336, 3.4333333333333336, 3.4333333333333336, 3.4333333333333336, 3.4333333333333336, 3.4333333333333336, 3.9888888888888894, 3.9888888888888894, 3.9888888888888894, 3.9888888888888894, 3.9888888888888894, 3.9888888888888894, 3.9888888888888894, 3.9888888888888894, 3.9888888888888894, 3.9888888888888894, 4.544444444444444, 4.544444444444444, 4.544444444444444, 4.544444444444444, 4.544444444444444, 4.544444444444444, 4.544444444444444, 4.544444444444444, 4.544444444444444, 4.544444444444444, 5.1, 5.1, 5.1, 5.1, 5.1, 5.1, 5.1, 5.1, 5.1, 5.1], [7.5, 8.055555555555555, 8.61111111111111, 9.166666666666666, 9.722222222222221, 10.277777777777779, 10.833333333333334, 11.38888888888889, 11.944444444444445, 12.5, 7.5, 8.055555555555555, 8.61111111111111, 9.166666666666666, 9.722222222222221, 10.277777777777779, 10.833333333333334, 11.38888888888889, 11.944444444444445, 12.5, 7.5, 8.055555555555555, 8.61111111111111, 9.166666666666666, 9.722222222222221, 10.277777777777779, 10.833333333333334, 11.38888888888889, 11.944444444444445, 12.5, 7.5, 8.055555555555555, 8.61111111111111, 9.166666666666666, 9.722222222222221, 10.277777777777779, 10.833333333333334, 11.38888888888889, 11.944444444444445, 12.5, 7.5, 8.055555555555555, 8.61111111111111, 9.166666666666666, 9.722222222222221, 10.277777777777779, 10.833333333333334, 11.38888888888889, 11.944444444444445, 12.5, 7.5, 8.055555555555555, 8.61111111111111, 9.166666666666666, 9.722222222222221, 10.277777777777779, 10.833333333333334, 11.38888888888889, 11.944444444444445, 12.5, 7.5, 8.055555555555555, 8.61111111111111, 9.166666666666666, 9.722222222222221, 10.277777777777779, 10.833333333333334, 11.38888888888889, 11.944444444444445, 12.5, 7.5, 8.055555555555555, 8.61111111111111, 9.166666666666666, 9.722222222222221, 10.277777777777779, 10.833333333333334, 11.38888888888889, 11.944444444444445, 12.5, 7.5, 8.055555555555555, 8.61111111111111, 9.166666666666666, 9.722222222222221, 10.277777777777779, 10.833333333333334, 11.38888888888889, 11.944444444444445, 12.5, 7.5, 8.055555555555555, 8.61111111111111, 9.166666666666666, 9.722222222222221, 10.277777777777779, 10.833333333333334, 11.38888888888889, 11.944444444444445, 12.5], [0.00016877140982652787, 0.00016550355121269954, 0.00016052649799491324, 0.00015789469907112055, 0.0001570748919080804, 0.00015712046557482136, 0.00015030852290560267, 0.0001480988216093251, 0.00014608156425648566, 0.00014808751715398222, 51.49720557019152, 43.68450364616415, 0.00010300471328167139, 9.850432879101784e-05, 0.00010120429822843961, 9.947225662386598e-05, 9.82714357072305e-05, 9.596382218675499e-05, 9.938565501896645e-05, 9.819691393614622e-05, 72.58189195293936, 41.617589148525234, 9.68893654950376e-05, 9.749715034444787e-05, 9.559952401002154e-05, 9.638602208236791e-05, 9.763298168941805e-05, 9.516330738483526e-05, 9.692037040820007e-05, 9.712632345407635e-05, 73.90336364431052, 41.39249679248302, 39.140768285249486, 9.799032333581545e-05, 9.723786664675502e-05, 9.767286411021118e-05, 9.896115218528007e-05, 9.659477664490047e-05, 9.792879106222561e-05, 9.767842463358784e-05, 75.09655400042558, 46.38799194385316, 39.703757930544384, 9.972535066255861e-05, 9.602038521643464e-05, 9.544663468799569e-05, 9.801814190342079e-05, 9.646744482422068e-05, 9.698200586587514e-05, 9.930392116205777e-05, 78.54240369417182, 46.464166648120695, 39.738530742433426, 9.986031858106487e-05, 9.814585209354655e-05, 9.842033358388326e-05, 9.786533334520383e-05, 9.750325559856837e-05, 9.597961199583736e-05, 9.57760562060747e-05, 78.83169085173738, 46.54662683383818, 39.712307123791476, 9.592381266020937e-05, 9.53420152437255e-05, 9.625769062510436e-05, 9.759219126326393e-05, 9.585895095828464e-05, 9.825952709869993e-05, 9.885880570403067e-05, 78.98977532394747, 46.6428568322691, 39.66437545994679, 38.34612046980846, 9.94047129935767e-05, 9.726925233708258e-05, 9.542432855048621e-05, 9.921969392223838e-05, 9.955517461112918e-05, 9.660746424494704e-05, 79.08020225676871, 70.54377027788271, 39.60685924697891, 38.562029778436376, 9.579204371551796e-05, 9.512946978258087e-05, 9.848635607045314e-05, 9.900493677544528e-05, 9.714316593295099e-05, 9.812478227014123e-05, 79.12051207149216, 70.66554585259786, 39.546502473658684, 38.67302233699702, 9.90700605979605e-05, 9.549978699529826e-05, 9.675866442307455e-05, 9.638603311084335e-05, 9.538777126418996e-05, 9.97466979551358e-05]], [[0.1, 0.1, 0.1, 0.1, 0.1, 0.1, 0.1, 0.1, 0.1, 0.1, 0.6555555555555556, 0.6555555555555556, 0.6555555555555556, 0.6555555555555556, 0.6555555555555556, 0.6555555555555556, 0.6555555555555556, 0.6555555555555556, 0.6555555555555556, 0.6555555555555556, 1.2111111111111112, 1.2111111111111112, 1.2111111111111112, 1.2111111111111112, 1.2111111111111112, 1.2111111111111112, 1.2111111111111112, 1.2111111111111112, 1.2111111111111112, 1.2111111111111112, 1.7666666666666668, 1.7666666666666668, 1.7666666666666668, 1.7666666666666668, 1.7666666666666668, 1.7666666666666668, 1.7666666666666668, 1.7666666666666668, 1.7666666666666668, 1.7666666666666668, 2.3222222222222224, 2.3222222222222224, 2.3222222222222224, 2.3222222222222224, 2.3222222222222224, 2.3222222222222224, 2.3222222222222224, 2.3222222222222224, 2.3222222222222224, 2.3222222222222224, 2.8777777777777778, 2.8777777777777778, 2.8777777777777778, 2.8777777777777778, 2.8777777777777778, 2.8777777777777778, 2.8777777777777778, 2.8777777777777778, 2.8777777777777778, 2.8777777777777778, 3.4333333333333336, 3.4333333333333336, 3.4333333333333336, 3.4333333333333336, 3.4333333333333336, 3.4333333333333336, 3.4333333333333336, 3.4333333333333336, 3.4333333333333336, 3.4333333333333336, 3.9888888888888894, 3.9888888888888894, 3.9888888888888894, 3.9888888888888894, 3.9888888888888894, 3.9888888888888894, 3.9888888888888894, 3.9888888888888894, 3.9888888888888894, 3.9888888888888894, 4.544444444444444, 4.544444444444444, 4.544444444444444, 4.544444444444444, 4.544444444444444, 4.544444444444444, 4.544444444444444, 4.544444444444444, 4.544444444444444, 4.544444444444444, 5.1, 5.1, 5.1, 5.1, 5.1, 5.1, 5.1, 5.1, 5.1, 5.1], [7.5, 8.055555555555555, 8.61111111111111, 9.166666666666666, 9.722222222222221, 10.277777777777779, 10.833333333333334, 11.38888888888889, 11.944444444444445, 12.5, 7.5, 8.055555555555555, 8.61111111111111, 9.166666666666666, 9.722222222222221, 10.277777777777779, 10.833333333333334, 11.38888888888889, 11.944444444444445, 12.5, 7.5, 8.055555555555555, 8.61111111111111, 9.166666666666666, 9.722222222222221, 10.277777777777779, 10.833333333333334, 11.38888888888889, 11.944444444444445, 12.5, 7.5, 8.055555555555555, 8.61111111111111, 9.166666666666666, 9.722222222222221, 10.277777777777779, 10.833333333333334, 11.38888888888889, 11.944444444444445, 12.5, 7.5, 8.055555555555555, 8.61111111111111, 9.166666666666666, 9.722222222222221, 10.277777777777779, 10.833333333333334, 11.38888888888889, 11.944444444444445, 12.5, 7.5, 8.055555555555555, 8.61111111111111, 9.166666666666666, 9.722222222222221, 10.277777777777779, 10.833333333333334, 11.38888888888889, 11.944444444444445, 12.5, 7.5, 8.055555555555555, 8.61111111111111, 9.166666666666666, 9.722222222222221, 10.277777777777779, 10.833333333333334, 11.38888888888889, 11.944444444444445, 12.5, 7.5, 8.055555555555555, 8.61111111111111, 9.166666666666666, 9.722222222222221, 10.277777777777779, 10.833333333333334, 11.38888888888889, 11.944444444444445, 12.5, 7.5, 8.055555555555555, 8.61111111111111, 9.166666666666666, 9.722222222222221, 10.277777777777779, 10.833333333333334, 11.38888888888889, 11.944444444444445, 12.5, 7.5, 8.055555555555555, 8.61111111111111, 9.166666666666666, 9.722222222222221, 10.277777777777779, 10.833333333333334, 11.38888888888889, 11.944444444444445, 12.5], [41.38380289077759, 41.592419147491455, 41.81474447250366, 42.05137491226196, 42.300522327423096, 42.56337881088257, 42.83875226974487, 43.12664270401001, 43.42705011367798, 43.73997449874878, 12.039244174957275, 12.661516666412354, 13.284385204315186, 13.907253742218018, 14.529526233673096, 15.150606632232666, 15.769898891448975, 16.38740301132202, 17.003118991851807, 17.61704683303833, 10.34170389175415, 10.948479175567627, 11.55167818069458, 12.152493000030518, 12.75092363357544, 13.346374034881592, 13.940632343292236, 14.532506465911865, 15.123188495635986, 15.712082386016846, 9.634792804718018, 10.226666927337646, 10.815560817718506, 11.402666568756104, 11.988580226898193, 12.572109699249268, 13.154447078704834, 13.735592365264893, 14.315545558929443, 14.89490270614624, 9.229481220245361, 9.812414646148682, 10.394155979156494, 10.974109172821045, 11.552870273590088, 12.12984323501587, 12.706220149993896, 13.281404972076416, 13.855993747711182, 14.42939043045044, 8.963048458099365, 9.541213512420654, 10.117590427398682, 10.693371295928955, 11.267364025115967, 11.840760707855225, 12.413561344146729, 12.985169887542725, 13.556182384490967, 14.126002788543701, 8.77290964126587, 9.347498416900635, 9.921491146087646, 10.493695735931396, 11.065304279327393, 11.63572072982788, 12.205541133880615, 12.774765491485596, 13.343393802642822, 13.911426067352295, 8.630454540252686, 9.202659130096436, 9.773671627044678, 10.343492031097412, 10.913312435150146, 11.48134469985962, 12.049376964569092, 12.61681318283081, 13.183653354644775, 13.749897480010986, 8.518993854522705, 9.08881425857544, 9.65803861618042, 10.226666927337646, 10.794103145599365, 11.361539363861084, 11.927783489227295, 12.494027614593506, 13.059079647064209, 13.624131679534912, 8.428990840911865, 8.997619152069092, 9.56505537033081, 10.13249158859253, 10.69873571395874, 11.264979839324951, 11.830031871795654, 12.395083904266357, 12.959539890289307, 13.523399829864502]]]