['[net.adj_matrix, equilibria, lstars]', array([[0.        , 2.35526434, 4.3551929 , ..., 1.58732096, 0.        ,
        0.        ],
       [5.82338545, 0.        , 0.        , ..., 0.        , 0.        ,
        5.98327115],
       [3.70200905, 0.        , 0.        , ..., 0.        , 0.        ,
        0.        ],
       ...,
       [1.87718016, 0.        , 0.        , ..., 0.        , 0.        ,
        0.        ],
       [0.        , 0.        , 0.        , ..., 0.        , 0.        ,
        0.        ],
       [0.        , 2.9864185 , 0.        , ..., 0.        , 0.        ,
        0.        ]]), [[0.1, 0.1, 0.1, 0.1, 0.1, 0.1, 0.1, 0.1, 0.1, 0.1, 0.6555555555555556, 0.6555555555555556, 0.6555555555555556, 0.6555555555555556, 0.6555555555555556, 0.6555555555555556, 0.6555555555555556, 0.6555555555555556, 0.6555555555555556, 0.6555555555555556, 1.2111111111111112, 1.2111111111111112, 1.2111111111111112, 1.2111111111111112, 1.2111111111111112, 1.2111111111111112, 1.2111111111111112, 1.2111111111111112, 1.2111111111111112, 1.2111111111111112, 1.7666666666666668, 1.7666666666666668, 1.7666666666666668, 1.7666666666666668, 1.7666666666666668, 1.7666666666666668, 1.7666666666666668, 1.7666666666666668, 1.7666666666666668, 1.7666666666666668, 2.3222222222222224, 2.3222222222222224, 2.3222222222222224, 2.3222222222222224, 2.3222222222222224, 2.3222222222222224, 2.3222222222222224, 2.3222222222222224, 2.3222222222222224, 2.3222222222222224, 2.8777777777777778, 2.8777777777777778, 2.8777777777777778, 2.8777777777777778, 2.8777777777777778, 2.8777777777777778, 2.8777777777777778, 2.8777777777777778, 2.8777777777777778, 2.8777777777777778, 3.4333333333333336, 3.4333333333333336, 3.4333333333333336, 3.4333333333333336, 3.4333333333333336, 3.4333333333333336, 3.4333333333333336, 3.4333333333333336, 3.4333333333333336, 3.4333333333333336, 3.9888888888888894, 3.9888888888888894, 3.9888888888888894, 3.9888888888888894, 3.9888888888888894, 3.9888888888888894, 3.9888888888888894, 3.9888888888888894, 3.9888888888888894, 3.9888888888888894, 4.544444444444444, 4.544444444444444, 4.544444444444444, 4.544444444444444, 4.544444444444444, 4.544444444444444, 4.544444444444444, 4.544444444444444, 4.544444444444444, 4.544444444444444, 5.1, 5.1, 5.1, 5.1, 5.1, 5.1, 5.1, 5.1, 5.1, 5.1], [7.5, 8.055555555555555, 8.61111111111111, 9.166666666666666, 9.722222222222221, 10.277777777777779, 10.833333333333334, 11.38888888888889, 11.944444444444445, 12.5, 7.5, 8.055555555555555, 8.61111111111111, 9.166666666666666, 9.722222222222221, 10.277777777777779, 10.833333333333334, 11.38888888888889, 11.944444444444445, 12.5, 7.5, 8.055555555555555, 8.61111111111111, 9.166666666666666, 9.722222222222221, 10.277777777777779, 10.833333333333334, 11.38888888888889, 11.944444444444445, 12.5, 7.5, 8.055555555555555, 8.61111111111111, 9.166666666666666, 9.722222222222221, 10.277777777777779, 10.833333333333334, 11.38888888888889, 11.944444444444445, 12.5, 7.5, 8.055555555555555, 8.61111111111111, 9.166666666666666, 9.722222222222221, 10.277777777777779, 10.833333333333334, 11.38888888888889, 11.944444444444445, 12.5, 7.5, 8.055555555555555, 8.61111111111111, 9.166666666666666, 9.722222222222221, 10.277777777777779, 10.833333333333334, 11.38888888888889, 11.944444444444445, 12.5, 7.5, 8.055555555555555, 8.61111111111111, 9.166666666666666, 9.722222222222221, 10.277777777777779, 10.833333333333334, 11.38888888888889, 11.944444444444445, 12.5, 7.5, 8.055555555555555, 8.61111111111111, 9.166666666666666, 9.722222222222221, 10.277777777777779, 10.833333333333334, 11.38888888888889, 11.944444444444445, 12.5, 7.5, 8.055555555555555, 8.61111111111111, 9.166666666666666, 9.722222222222221, 10.277777777777779, 10.833333333333334, 11.38888888888889, 11.944444444444445, 12.5, 7.5, 8.055555555555555, 8.61111111111111, 9.166666666666666, 9.722222222222221, 10.277777777777779, 10.833333333333334, 11.38888888888889, 11.944444444444445, 12.5], [646.6306168216398, 658.5770334944201, 670.2458815886796, 681.6286441473837, 692.7179231548441, 703.5073977805408, 713.9918250912914, 724.1670104706105, 734.0297742616494, 743.5778891483295, 968.0569475259762, 970.2100646572685, 971.7115821846338, 972.7575120034629, 973.485508463226, 973.9919206355307, 974.3440696028091, 974.5888677627557, 974.7590198170988, 974.8772632543746, 975.0358066070918, 975.0900262327164, 975.1176926755566, 975.1318081260125, 975.1390140301754, 975.1426863975613, 975.1445638380591, 975.1455186887226, 975.1460086230942, 975.1462576370803, 975.1447999674447, 975.1458716906378, 975.1462757142265, 975.1464216785594, 975.146483435076, 975.1465046677006, 975.1465101059466, 975.1465190189116, 975.1465158293988, 975.1465160260955, 975.1464895655073, 975.1465086160136, 975.1465095743106, 975.1465208279434, 975.1465184975277, 975.1465173012582, 975.1465204756347, 975.1465185866239, 975.1465141983819, 975.1465193585184, 975.1465191621777, 975.1465177393345, 975.146516718588, 975.1465122164019, 975.1465153296801, 975.146515556519, 975.1465208003141, 975.1465201371321, 975.1465164834656, 975.1465172766983, 975.1465160218023, 975.1465185815863, 975.1465180351994, 975.1465147748947, 975.1465133139197, 975.1465147653975, 975.1465149361405, 975.1465181082752, 975.1465221044899, 975.1465144365525, 975.1465146023569, 975.1465163053548, 975.1465176132008, 975.1465184230419, 975.1465213013913, 975.146512438099, 975.1465151734009, 975.1465205638386, 975.1465163455468, 975.1465196649643, 975.1465153427164, 975.1465228157975, 975.1465134390501, 975.1465111108496, 975.1465172372142, 975.1465151707201, 975.1465159472668, 975.1465122117896, 975.1465142763174, 975.1465191061292, 975.1465175748872, 975.1465180450831, 975.1465200113153, 975.1465163396797, 975.1465129022764, 975.1465185693356, 975.1465167527068, 975.1465197717913, 975.1465193990709, 975.1465159792378]], [[0.1, 0.1, 0.1, 0.1, 0.1, 0.1, 0.1, 0.1, 0.1, 0.1, 0.6555555555555556, 0.6555555555555556, 0.6555555555555556, 0.6555555555555556, 0.6555555555555556, 0.6555555555555556, 0.6555555555555556, 0.6555555555555556, 0.6555555555555556, 0.6555555555555556, 1.2111111111111112, 1.2111111111111112, 1.2111111111111112, 1.2111111111111112, 1.2111111111111112, 1.2111111111111112, 1.2111111111111112, 1.2111111111111112, 1.2111111111111112, 1.2111111111111112, 1.7666666666666668, 1.7666666666666668, 1.7666666666666668, 1.7666666666666668, 1.7666666666666668, 1.7666666666666668, 1.7666666666666668, 1.7666666666666668, 1.7666666666666668, 1.7666666666666668, 2.3222222222222224, 2.3222222222222224, 2.3222222222222224, 2.3222222222222224, 2.3222222222222224, 2.3222222222222224, 2.3222222222222224, 2.3222222222222224, 2.3222222222222224, 2.3222222222222224, 2.8777777777777778, 2.8777777777777778, 2.8777777777777778, 2.8777777777777778, 2.8777777777777778, 2.8777777777777778, 2.8777777777777778, 2.8777777777777778, 2.8777777777777778, 2.8777777777777778, 3.4333333333333336, 3.4333333333333336, 3.4333333333333336, 3.4333333333333336, 3.4333333333333336, 3.4333333333333336, 3.4333333333333336, 3.4333333333333336, 3.4333333333333336, 3.4333333333333336, 3.9888888888888894, 3.9888888888888894, 3.9888888888888894, 3.9888888888888894, 3.9888888888888894, 3.9888888888888894, 3.9888888888888894, 3.9888888888888894, 3.9888888888888894, 3.9888888888888894, 4.544444444444444, 4.544444444444444, 4.544444444444444, 4.544444444444444, 4.544444444444444, 4.544444444444444, 4.544444444444444, 4.544444444444444, 4.544444444444444, 4.544444444444444, 5.1, 5.1, 5.1, 5.1, 5.1, 5.1, 5.1, 5.1, 5.1, 5.1], [7.5, 8.055555555555555, 8.61111111111111, 9.166666666666666, 9.722222222222221, 10.277777777777779, 10.833333333333334, 11.38888888888889, 11.944444444444445, 12.5, 7.5, 8.055555555555555, 8.61111111111111, 9.166666666666666, 9.722222222222221, 10.277777777777779, 10.833333333333334, 11.38888888888889, 11.944444444444445, 12.5, 7.5, 8.055555555555555, 8.61111111111111, 9.166666666666666, 9.722222222222221, 10.277777777777779, 10.833333333333334, 11.38888888888889, 11.944444444444445, 12.5, 7.5, 8.055555555555555, 8.61111111111111, 9.166666666666666, 9.722222222222221, 10.277777777777779, 10.833333333333334, 11.38888888888889, 11.944444444444445, 12.5, 7.5, 8.055555555555555, 8.61111111111111, 9.166666666666666, 9.722222222222221, 10.277777777777779, 10.833333333333334, 11.38888888888889, 11.944444444444445, 12.5, 7.5, 8.055555555555555, 8.61111111111111, 9.166666666666666, 9.722222222222221, 10.277777777777779, 10.833333333333334, 11.38888888888889, 11.944444444444445, 12.5, 7.5, 8.055555555555555, 8.61111111111111, 9.166666666666666, 9.722222222222221, 10.277777777777779, 10.833333333333334, 11.38888888888889, 11.944444444444445, 12.5, 7.5, 8.055555555555555, 8.61111111111111, 9.166666666666666, 9.722222222222221, 10.277777777777779, 10.833333333333334, 11.38888888888889, 11.944444444444445, 12.5, 7.5, 8.055555555555555, 8.61111111111111, 9.166666666666666, 9.722222222222221, 10.277777777777779, 10.833333333333334, 11.38888888888889, 11.944444444444445, 12.5, 7.5, 8.055555555555555, 8.61111111111111, 9.166666666666666, 9.722222222222221, 10.277777777777779, 10.833333333333334, 11.38888888888889, 11.944444444444445, 12.5], [41.38380289077759, 41.592419147491455, 41.81474447250366, 42.05137491226196, 42.300522327423096, 42.56337881088257, 42.83875226974487, 43.12664270401001, 43.42705011367798, 43.73997449874878, 12.039244174957275, 12.661516666412354, 13.284385204315186, 13.907253742218018, 14.529526233673096, 15.150606632232666, 15.769898891448975, 16.38740301132202, 17.003118991851807, 17.61704683303833, 10.34170389175415, 10.948479175567627, 11.55167818069458, 12.152493000030518, 12.75092363357544, 13.346374034881592, 13.940632343292236, 14.532506465911865, 15.123188495635986, 15.712082386016846, 9.634792804718018, 10.226666927337646, 10.815560817718506, 11.402666568756104, 11.988580226898193, 12.572109699249268, 13.154447078704834, 13.735592365264893, 14.315545558929443, 14.89490270614624, 9.229481220245361, 9.812414646148682, 10.394155979156494, 10.974109172821045, 11.552870273590088, 12.12984323501587, 12.706220149993896, 13.281404972076416, 13.855993747711182, 14.42939043045044, 8.963048458099365, 9.541213512420654, 10.117590427398682, 10.693371295928955, 11.267364025115967, 11.840760707855225, 12.413561344146729, 12.985169887542725, 13.556182384490967, 14.126002788543701, 8.77290964126587, 9.347498416900635, 9.921491146087646, 10.493695735931396, 11.065304279327393, 11.63572072982788, 12.205541133880615, 12.774765491485596, 13.343393802642822, 13.911426067352295, 8.630454540252686, 9.202659130096436, 9.773671627044678, 10.343492031097412, 10.913312435150146, 11.48134469985962, 12.049376964569092, 12.61681318283081, 13.183653354644775, 13.749897480010986, 8.518993854522705, 9.08881425857544, 9.65803861618042, 10.226666927337646, 10.794103145599365, 11.361539363861084, 11.927783489227295, 12.494027614593506, 13.059079647064209, 13.624131679534912, 8.428990840911865, 8.997619152069092, 9.56505537033081, 10.13249158859253, 10.69873571395874, 11.264979839324951, 11.830031871795654, 12.395083904266357, 12.959539890289307, 13.523399829864502]]]