['[net.adj_matrix, equilibria, lstars]', array([[0.        , 1.31194937, 5.2351519 , ..., 0.        , 0.        ,
        0.        ],
       [2.52317856, 0.        , 0.        , ..., 0.        , 0.        ,
        0.        ],
       [4.38641997, 0.        , 0.        , ..., 0.        , 0.        ,
        0.        ],
       ...,
       [0.        , 0.        , 0.        , ..., 0.        , 0.        ,
        0.        ],
       [0.        , 0.        , 0.        , ..., 0.        , 0.        ,
        0.        ],
       [0.        , 0.        , 0.        , ..., 0.        , 0.        ,
        0.        ]]), [[0.1, 0.1, 0.1, 0.1, 0.1, 0.1, 0.1, 0.1, 0.1, 0.1, 0.6555555555555556, 0.6555555555555556, 0.6555555555555556, 0.6555555555555556, 0.6555555555555556, 0.6555555555555556, 0.6555555555555556, 0.6555555555555556, 0.6555555555555556, 0.6555555555555556, 1.2111111111111112, 1.2111111111111112, 1.2111111111111112, 1.2111111111111112, 1.2111111111111112, 1.2111111111111112, 1.2111111111111112, 1.2111111111111112, 1.2111111111111112, 1.2111111111111112, 1.7666666666666668, 1.7666666666666668, 1.7666666666666668, 1.7666666666666668, 1.7666666666666668, 1.7666666666666668, 1.7666666666666668, 1.7666666666666668, 1.7666666666666668, 1.7666666666666668, 2.3222222222222224, 2.3222222222222224, 2.3222222222222224, 2.3222222222222224, 2.3222222222222224, 2.3222222222222224, 2.3222222222222224, 2.3222222222222224, 2.3222222222222224, 2.3222222222222224, 2.8777777777777778, 2.8777777777777778, 2.8777777777777778, 2.8777777777777778, 2.8777777777777778, 2.8777777777777778, 2.8777777777777778, 2.8777777777777778, 2.8777777777777778, 2.8777777777777778, 3.4333333333333336, 3.4333333333333336, 3.4333333333333336, 3.4333333333333336, 3.4333333333333336, 3.4333333333333336, 3.4333333333333336, 3.4333333333333336, 3.4333333333333336, 3.4333333333333336, 3.9888888888888894, 3.9888888888888894, 3.9888888888888894, 3.9888888888888894, 3.9888888888888894, 3.9888888888888894, 3.9888888888888894, 3.9888888888888894, 3.9888888888888894, 3.9888888888888894, 4.544444444444444, 4.544444444444444, 4.544444444444444, 4.544444444444444, 4.544444444444444, 4.544444444444444, 4.544444444444444, 4.544444444444444, 4.544444444444444, 4.544444444444444, 5.1, 5.1, 5.1, 5.1, 5.1, 5.1, 5.1, 5.1, 5.1, 5.1], [7.5, 8.055555555555555, 8.61111111111111, 9.166666666666666, 9.722222222222221, 10.277777777777779, 10.833333333333334, 11.38888888888889, 11.944444444444445, 12.5, 7.5, 8.055555555555555, 8.61111111111111, 9.166666666666666, 9.722222222222221, 10.277777777777779, 10.833333333333334, 11.38888888888889, 11.944444444444445, 12.5, 7.5, 8.055555555555555, 8.61111111111111, 9.166666666666666, 9.722222222222221, 10.277777777777779, 10.833333333333334, 11.38888888888889, 11.944444444444445, 12.5, 7.5, 8.055555555555555, 8.61111111111111, 9.166666666666666, 9.722222222222221, 10.277777777777779, 10.833333333333334, 11.38888888888889, 11.944444444444445, 12.5, 7.5, 8.055555555555555, 8.61111111111111, 9.166666666666666, 9.722222222222221, 10.277777777777779, 10.833333333333334, 11.38888888888889, 11.944444444444445, 12.5, 7.5, 8.055555555555555, 8.61111111111111, 9.166666666666666, 9.722222222222221, 10.277777777777779, 10.833333333333334, 11.38888888888889, 11.944444444444445, 12.5, 7.5, 8.055555555555555, 8.61111111111111, 9.166666666666666, 9.722222222222221, 10.277777777777779, 10.833333333333334, 11.38888888888889, 11.944444444444445, 12.5, 7.5, 8.055555555555555, 8.61111111111111, 9.166666666666666, 9.722222222222221, 10.277777777777779, 10.833333333333334, 11.38888888888889, 11.944444444444445, 12.5, 7.5, 8.055555555555555, 8.61111111111111, 9.166666666666666, 9.722222222222221, 10.277777777777779, 10.833333333333334, 11.38888888888889, 11.944444444444445, 12.5, 7.5, 8.055555555555555, 8.61111111111111, 9.166666666666666, 9.722222222222221, 10.277777777777779, 10.833333333333334, 11.38888888888889, 11.944444444444445, 12.5], [656.7999533961868, 668.9229205806265, 680.7632131473606, 692.3122366427291, 703.5625157309653, 714.507679823419, 725.1424375590457, 735.4625763668748, 745.4648789627205, 755.1471350126534, 983.9316573120562, 986.120063884153, 987.6461941417308, 988.7092688095637, 989.4491723486758, 989.9638571383383, 990.3217372400859, 990.5704865978106, 990.7433360322668, 990.8633825394585, 991.0249690389599, 991.080079267902, 991.1081962998362, 991.122547288834, 991.1298670969434, 991.1336039064074, 991.13551510174, 991.1364850162923, 991.1369783428286, 991.1372344121033, 991.1357509598322, 991.136842147971, 991.1372534333889, 991.1374083467102, 991.1374640461821, 991.1374831638827, 991.1374934798, 991.1374978968062, 991.1374933833246, 991.1374966410012, 991.137469881817, 991.1374875147529, 991.1374951757631, 991.1374976590089, 991.1374904890381, 991.1374973237649, 991.1374969115118, 991.1374947247257, 991.1375000568061, 991.1374983117419, 991.1374956476817, 991.1374982014827, 991.1374964161521, 991.1374960296017, 991.1374988232811, 991.1374962331691, 991.1374992554954, 991.1374942233723, 991.1374961018702, 991.1374952578992, 991.1374989406196, 991.1374959872813, 991.1374921824098, 991.1374986141012, 991.1374980576354, 991.1374992628067, 991.137497050086, 991.1374981925779, 991.1374974135331, 991.137499476858, 991.1374955059299, 991.1375008669575, 991.1374933802531, 991.1374996155079, 991.1374965635936, 991.1375013032049, 991.137499167884, 991.1374957120496, 991.1374947610506, 991.1374990516449, 991.1374971384755, 991.1374969190888, 991.1375009993244, 991.1374982648583, 991.1374982668924, 991.137499908028, 991.137498418717, 991.1374975133568, 991.137496025373, 991.137498780368, 991.1374954369018, 991.1374936778928, 991.1375000860264, 991.1374992071633, 991.1374978162338, 991.1374981001322, 991.1375011953487, 991.1374983244036, 991.1374948349967, 991.1374960143686]], [[0.1, 0.1, 0.1, 0.1, 0.1, 0.1, 0.1, 0.1, 0.1, 0.1, 0.6555555555555556, 0.6555555555555556, 0.6555555555555556, 0.6555555555555556, 0.6555555555555556, 0.6555555555555556, 0.6555555555555556, 0.6555555555555556, 0.6555555555555556, 0.6555555555555556, 1.2111111111111112, 1.2111111111111112, 1.2111111111111112, 1.2111111111111112, 1.2111111111111112, 1.2111111111111112, 1.2111111111111112, 1.2111111111111112, 1.2111111111111112, 1.2111111111111112, 1.7666666666666668, 1.7666666666666668, 1.7666666666666668, 1.7666666666666668, 1.7666666666666668, 1.7666666666666668, 1.7666666666666668, 1.7666666666666668, 1.7666666666666668, 1.7666666666666668, 2.3222222222222224, 2.3222222222222224, 2.3222222222222224, 2.3222222222222224, 2.3222222222222224, 2.3222222222222224, 2.3222222222222224, 2.3222222222222224, 2.3222222222222224, 2.3222222222222224, 2.8777777777777778, 2.8777777777777778, 2.8777777777777778, 2.8777777777777778, 2.8777777777777778, 2.8777777777777778, 2.8777777777777778, 2.8777777777777778, 2.8777777777777778, 2.8777777777777778, 3.4333333333333336, 3.4333333333333336, 3.4333333333333336, 3.4333333333333336, 3.4333333333333336, 3.4333333333333336, 3.4333333333333336, 3.4333333333333336, 3.4333333333333336, 3.4333333333333336, 3.9888888888888894, 3.9888888888888894, 3.9888888888888894, 3.9888888888888894, 3.9888888888888894, 3.9888888888888894, 3.9888888888888894, 3.9888888888888894, 3.9888888888888894, 3.9888888888888894, 4.544444444444444, 4.544444444444444, 4.544444444444444, 4.544444444444444, 4.544444444444444, 4.544444444444444, 4.544444444444444, 4.544444444444444, 4.544444444444444, 4.544444444444444, 5.1, 5.1, 5.1, 5.1, 5.1, 5.1, 5.1, 5.1, 5.1, 5.1], [7.5, 8.055555555555555, 8.61111111111111, 9.166666666666666, 9.722222222222221, 10.277777777777779, 10.833333333333334, 11.38888888888889, 11.944444444444445, 12.5, 7.5, 8.055555555555555, 8.61111111111111, 9.166666666666666, 9.722222222222221, 10.277777777777779, 10.833333333333334, 11.38888888888889, 11.944444444444445, 12.5, 7.5, 8.055555555555555, 8.61111111111111, 9.166666666666666, 9.722222222222221, 10.277777777777779, 10.833333333333334, 11.38888888888889, 11.944444444444445, 12.5, 7.5, 8.055555555555555, 8.61111111111111, 9.166666666666666, 9.722222222222221, 10.277777777777779, 10.833333333333334, 11.38888888888889, 11.944444444444445, 12.5, 7.5, 8.055555555555555, 8.61111111111111, 9.166666666666666, 9.722222222222221, 10.277777777777779, 10.833333333333334, 11.38888888888889, 11.944444444444445, 12.5, 7.5, 8.055555555555555, 8.61111111111111, 9.166666666666666, 9.722222222222221, 10.277777777777779, 10.833333333333334, 11.38888888888889, 11.944444444444445, 12.5, 7.5, 8.055555555555555, 8.61111111111111, 9.166666666666666, 9.722222222222221, 10.277777777777779, 10.833333333333334, 11.38888888888889, 11.944444444444445, 12.5, 7.5, 8.055555555555555, 8.61111111111111, 9.166666666666666, 9.722222222222221, 10.277777777777779, 10.833333333333334, 11.38888888888889, 11.944444444444445, 12.5, 7.5, 8.055555555555555, 8.61111111111111, 9.166666666666666, 9.722222222222221, 10.277777777777779, 10.833333333333334, 11.38888888888889, 11.944444444444445, 12.5, 7.5, 8.055555555555555, 8.61111111111111, 9.166666666666666, 9.722222222222221, 10.277777777777779, 10.833333333333334, 11.38888888888889, 11.944444444444445, 12.5], [41.38380289077759, 41.592419147491455, 41.81474447250366, 42.05137491226196, 42.300522327423096, 42.56337881088257, 42.83875226974487, 43.12664270401001, 43.42705011367798, 43.73997449874878, 12.039244174957275, 12.661516666412354, 13.284385204315186, 13.907253742218018, 14.529526233673096, 15.150606632232666, 15.769898891448975, 16.38740301132202, 17.003118991851807, 17.61704683303833, 10.34170389175415, 10.948479175567627, 11.55167818069458, 12.152493000030518, 12.75092363357544, 13.346374034881592, 13.940632343292236, 14.532506465911865, 15.123188495635986, 15.712082386016846, 9.634792804718018, 10.226666927337646, 10.815560817718506, 11.402666568756104, 11.988580226898193, 12.572109699249268, 13.154447078704834, 13.735592365264893, 14.315545558929443, 14.89490270614624, 9.229481220245361, 9.812414646148682, 10.394155979156494, 10.974109172821045, 11.552870273590088, 12.12984323501587, 12.706220149993896, 13.281404972076416, 13.855993747711182, 14.42939043045044, 8.963048458099365, 9.541213512420654, 10.117590427398682, 10.693371295928955, 11.267364025115967, 11.840760707855225, 12.413561344146729, 12.985169887542725, 13.556182384490967, 14.126002788543701, 8.77290964126587, 9.347498416900635, 9.921491146087646, 10.493695735931396, 11.065304279327393, 11.63572072982788, 12.205541133880615, 12.774765491485596, 13.343393802642822, 13.911426067352295, 8.630454540252686, 9.202659130096436, 9.773671627044678, 10.343492031097412, 10.913312435150146, 11.48134469985962, 12.049376964569092, 12.61681318283081, 13.183653354644775, 13.749897480010986, 8.518993854522705, 9.08881425857544, 9.65803861618042, 10.226666927337646, 10.794103145599365, 11.361539363861084, 11.927783489227295, 12.494027614593506, 13.059079647064209, 13.624131679534912, 8.428990840911865, 8.997619152069092, 9.56505537033081, 10.13249158859253, 10.69873571395874, 11.264979839324951, 11.830031871795654, 12.395083904266357, 12.959539890289307, 13.523399829864502]]]