['[net.adj_matrix, equilibria, lstars]', array([[0.        , 2.13295014, 5.41083266, ..., 0.        , 0.        ,
        0.        ],
       [1.97461966, 0.        , 0.        , ..., 0.        , 0.        ,
        0.        ],
       [1.33429781, 0.        , 0.        , ..., 0.        , 0.        ,
        0.        ],
       ...,
       [0.        , 0.        , 0.        , ..., 0.        , 0.        ,
        0.        ],
       [0.        , 0.        , 0.        , ..., 0.        , 0.        ,
        0.        ],
       [0.        , 0.        , 0.        , ..., 0.        , 0.        ,
        0.        ]]), [[0.1, 0.1, 0.1, 0.1, 0.1, 0.1, 0.1, 0.1, 0.1, 0.1, 0.6555555555555556, 0.6555555555555556, 0.6555555555555556, 0.6555555555555556, 0.6555555555555556, 0.6555555555555556, 0.6555555555555556, 0.6555555555555556, 0.6555555555555556, 0.6555555555555556, 1.2111111111111112, 1.2111111111111112, 1.2111111111111112, 1.2111111111111112, 1.2111111111111112, 1.2111111111111112, 1.2111111111111112, 1.2111111111111112, 1.2111111111111112, 1.2111111111111112, 1.7666666666666668, 1.7666666666666668, 1.7666666666666668, 1.7666666666666668, 1.7666666666666668, 1.7666666666666668, 1.7666666666666668, 1.7666666666666668, 1.7666666666666668, 1.7666666666666668, 2.3222222222222224, 2.3222222222222224, 2.3222222222222224, 2.3222222222222224, 2.3222222222222224, 2.3222222222222224, 2.3222222222222224, 2.3222222222222224, 2.3222222222222224, 2.3222222222222224, 2.8777777777777778, 2.8777777777777778, 2.8777777777777778, 2.8777777777777778, 2.8777777777777778, 2.8777777777777778, 2.8777777777777778, 2.8777777777777778, 2.8777777777777778, 2.8777777777777778, 3.4333333333333336, 3.4333333333333336, 3.4333333333333336, 3.4333333333333336, 3.4333333333333336, 3.4333333333333336, 3.4333333333333336, 3.4333333333333336, 3.4333333333333336, 3.4333333333333336, 3.9888888888888894, 3.9888888888888894, 3.9888888888888894, 3.9888888888888894, 3.9888888888888894, 3.9888888888888894, 3.9888888888888894, 3.9888888888888894, 3.9888888888888894, 3.9888888888888894, 4.544444444444444, 4.544444444444444, 4.544444444444444, 4.544444444444444, 4.544444444444444, 4.544444444444444, 4.544444444444444, 4.544444444444444, 4.544444444444444, 4.544444444444444, 5.1, 5.1, 5.1, 5.1, 5.1, 5.1, 5.1, 5.1, 5.1, 5.1], [7.5, 8.055555555555555, 8.61111111111111, 9.166666666666666, 9.722222222222221, 10.277777777777779, 10.833333333333334, 11.38888888888889, 11.944444444444445, 12.5, 7.5, 8.055555555555555, 8.61111111111111, 9.166666666666666, 9.722222222222221, 10.277777777777779, 10.833333333333334, 11.38888888888889, 11.944444444444445, 12.5, 7.5, 8.055555555555555, 8.61111111111111, 9.166666666666666, 9.722222222222221, 10.277777777777779, 10.833333333333334, 11.38888888888889, 11.944444444444445, 12.5, 7.5, 8.055555555555555, 8.61111111111111, 9.166666666666666, 9.722222222222221, 10.277777777777779, 10.833333333333334, 11.38888888888889, 11.944444444444445, 12.5, 7.5, 8.055555555555555, 8.61111111111111, 9.166666666666666, 9.722222222222221, 10.277777777777779, 10.833333333333334, 11.38888888888889, 11.944444444444445, 12.5, 7.5, 8.055555555555555, 8.61111111111111, 9.166666666666666, 9.722222222222221, 10.277777777777779, 10.833333333333334, 11.38888888888889, 11.944444444444445, 12.5, 7.5, 8.055555555555555, 8.61111111111111, 9.166666666666666, 9.722222222222221, 10.277777777777779, 10.833333333333334, 11.38888888888889, 11.944444444444445, 12.5, 7.5, 8.055555555555555, 8.61111111111111, 9.166666666666666, 9.722222222222221, 10.277777777777779, 10.833333333333334, 11.38888888888889, 11.944444444444445, 12.5, 7.5, 8.055555555555555, 8.61111111111111, 9.166666666666666, 9.722222222222221, 10.277777777777779, 10.833333333333334, 11.38888888888889, 11.944444444444445, 12.5, 7.5, 8.055555555555555, 8.61111111111111, 9.166666666666666, 9.722222222222221, 10.277777777777779, 10.833333333333334, 11.38888888888889, 11.944444444444445, 12.5], [115.25502253887137, 115.66918078155464, 115.42955341356654, 114.3911462046074, 112.32523005174578, 108.80006843964843, 102.90359274655651, 92.15072965911733, 67.66809094113236, 20.887533377653057, 392.08619362277426, 392.739118813631, 393.0378960759071, 393.0293389842593, 392.72782416718957, 392.1220009004114, 391.1804816575796, 389.8559371650071, 388.08548364198543, 385.78257778605797, 395.4498017843918, 395.45097945679413, 395.4216496913074, 395.3487817406259, 395.2009051223739, 394.91860592293773, 394.4036210671393, 393.5205197152743, 392.13566790159217, 390.1873537837788, 395.51462043668016, 395.5130761298042, 395.5079670159816, 395.49398083772724, 395.4567707590195, 395.3590046985796, 395.10898263159874, 394.50928660310717, 393.25853450293755, 391.2060425804094, 395.5164208520348, 395.51624563422587, 395.51556961721445, 395.5131310115997, 395.5042650144106, 395.4722409361686, 395.3582241047806, 394.9722039297085, 393.8539934297038, 391.59885895757026, 395.51649393166076, 395.51647772578525, 395.51639622076357, 395.515979830295, 395.51391156379253, 395.5037395287826, 395.45382707143347, 395.2174854770616, 394.25446803423904, 391.79009703987475, 395.51650213532884, 395.51649779062194, 395.5164856985909, 395.51642614491504, 395.51594414814826, 395.51276545926413, 395.4914225320059, 395.3513681356779, 394.5486158835376, 391.8982630289198, 395.5164936074449, 395.51649699910854, 395.5165049444907, 395.51648477496826, 395.5163793976744, 395.515401636906, 395.50638908986605, 395.4250346935894, 394.77142546293675, 391.967108579556, 395.5164933399936, 395.5165038129953, 395.5165034877565, 395.5165009780639, 395.5164779269208, 395.5161723746372, 395.5123978712977, 395.46568154927746, 394.94196169066726, 392.01557647964887, 395.5164976632146, 395.516497606262, 395.5164945613403, 395.51649701263227, 395.5164935166868, 395.51640421703826, 395.5148257169417, 395.4881695508241, 395.07293304777676, 392.0526963760788]], [[0.1, 0.1, 0.1, 0.1, 0.1, 0.1, 0.1, 0.1, 0.1, 0.1, 0.6555555555555556, 0.6555555555555556, 0.6555555555555556, 0.6555555555555556, 0.6555555555555556, 0.6555555555555556, 0.6555555555555556, 0.6555555555555556, 0.6555555555555556, 0.6555555555555556, 1.2111111111111112, 1.2111111111111112, 1.2111111111111112, 1.2111111111111112, 1.2111111111111112, 1.2111111111111112, 1.2111111111111112, 1.2111111111111112, 1.2111111111111112, 1.2111111111111112, 1.7666666666666668, 1.7666666666666668, 1.7666666666666668, 1.7666666666666668, 1.7666666666666668, 1.7666666666666668, 1.7666666666666668, 1.7666666666666668, 1.7666666666666668, 1.7666666666666668, 2.3222222222222224, 2.3222222222222224, 2.3222222222222224, 2.3222222222222224, 2.3222222222222224, 2.3222222222222224, 2.3222222222222224, 2.3222222222222224, 2.3222222222222224, 2.3222222222222224, 2.8777777777777778, 2.8777777777777778, 2.8777777777777778, 2.8777777777777778, 2.8777777777777778, 2.8777777777777778, 2.8777777777777778, 2.8777777777777778, 2.8777777777777778, 2.8777777777777778, 3.4333333333333336, 3.4333333333333336, 3.4333333333333336, 3.4333333333333336, 3.4333333333333336, 3.4333333333333336, 3.4333333333333336, 3.4333333333333336, 3.4333333333333336, 3.4333333333333336, 3.9888888888888894, 3.9888888888888894, 3.9888888888888894, 3.9888888888888894, 3.9888888888888894, 3.9888888888888894, 3.9888888888888894, 3.9888888888888894, 3.9888888888888894, 3.9888888888888894, 4.544444444444444, 4.544444444444444, 4.544444444444444, 4.544444444444444, 4.544444444444444, 4.544444444444444, 4.544444444444444, 4.544444444444444, 4.544444444444444, 4.544444444444444, 5.1, 5.1, 5.1, 5.1, 5.1, 5.1, 5.1, 5.1, 5.1, 5.1], [7.5, 8.055555555555555, 8.61111111111111, 9.166666666666666, 9.722222222222221, 10.277777777777779, 10.833333333333334, 11.38888888888889, 11.944444444444445, 12.5, 7.5, 8.055555555555555, 8.61111111111111, 9.166666666666666, 9.722222222222221, 10.277777777777779, 10.833333333333334, 11.38888888888889, 11.944444444444445, 12.5, 7.5, 8.055555555555555, 8.61111111111111, 9.166666666666666, 9.722222222222221, 10.277777777777779, 10.833333333333334, 11.38888888888889, 11.944444444444445, 12.5, 7.5, 8.055555555555555, 8.61111111111111, 9.166666666666666, 9.722222222222221, 10.277777777777779, 10.833333333333334, 11.38888888888889, 11.944444444444445, 12.5, 7.5, 8.055555555555555, 8.61111111111111, 9.166666666666666, 9.722222222222221, 10.277777777777779, 10.833333333333334, 11.38888888888889, 11.944444444444445, 12.5, 7.5, 8.055555555555555, 8.61111111111111, 9.166666666666666, 9.722222222222221, 10.277777777777779, 10.833333333333334, 11.38888888888889, 11.944444444444445, 12.5, 7.5, 8.055555555555555, 8.61111111111111, 9.166666666666666, 9.722222222222221, 10.277777777777779, 10.833333333333334, 11.38888888888889, 11.944444444444445, 12.5, 7.5, 8.055555555555555, 8.61111111111111, 9.166666666666666, 9.722222222222221, 10.277777777777779, 10.833333333333334, 11.38888888888889, 11.944444444444445, 12.5, 7.5, 8.055555555555555, 8.61111111111111, 9.166666666666666, 9.722222222222221, 10.277777777777779, 10.833333333333334, 11.38888888888889, 11.944444444444445, 12.5, 7.5, 8.055555555555555, 8.61111111111111, 9.166666666666666, 9.722222222222221, 10.277777777777779, 10.833333333333334, 11.38888888888889, 11.944444444444445, 12.5], [41.38380289077759, 41.592419147491455, 41.81474447250366, 42.05137491226196, 42.300522327423096, 42.56337881088257, 42.83875226974487, 43.12664270401001, 43.42705011367798, 43.73997449874878, 12.039244174957275, 12.661516666412354, 13.284385204315186, 13.907253742218018, 14.529526233673096, 15.150606632232666, 15.769898891448975, 16.38740301132202, 17.003118991851807, 17.61704683303833, 10.34170389175415, 10.948479175567627, 11.55167818069458, 12.152493000030518, 12.75092363357544, 13.346374034881592, 13.940632343292236, 14.532506465911865, 15.123188495635986, 15.712082386016846, 9.634792804718018, 10.226666927337646, 10.815560817718506, 11.402666568756104, 11.988580226898193, 12.572109699249268, 13.154447078704834, 13.735592365264893, 14.315545558929443, 14.89490270614624, 9.229481220245361, 9.812414646148682, 10.394155979156494, 10.974109172821045, 11.552870273590088, 12.12984323501587, 12.706220149993896, 13.281404972076416, 13.855993747711182, 14.42939043045044, 8.963048458099365, 9.541213512420654, 10.117590427398682, 10.693371295928955, 11.267364025115967, 11.840760707855225, 12.413561344146729, 12.985169887542725, 13.556182384490967, 14.126002788543701, 8.77290964126587, 9.347498416900635, 9.921491146087646, 10.493695735931396, 11.065304279327393, 11.63572072982788, 12.205541133880615, 12.774765491485596, 13.343393802642822, 13.911426067352295, 8.630454540252686, 9.202659130096436, 9.773671627044678, 10.343492031097412, 10.913312435150146, 11.48134469985962, 12.049376964569092, 12.61681318283081, 13.183653354644775, 13.749897480010986, 8.518993854522705, 9.08881425857544, 9.65803861618042, 10.226666927337646, 10.794103145599365, 11.361539363861084, 11.927783489227295, 12.494027614593506, 13.059079647064209, 13.624131679534912, 8.428990840911865, 8.997619152069092, 9.56505537033081, 10.13249158859253, 10.69873571395874, 11.264979839324951, 11.830031871795654, 12.395083904266357, 12.959539890289307, 13.523399829864502]]]