['[net.adj_matrix, equilibria, lstars]', array([[0.        , 0.        , 0.        , ..., 0.        , 0.        ,
        0.        ],
       [0.        , 0.        , 0.        , ..., 0.        , 0.        ,
        4.25859383],
       [0.        , 0.        , 0.        , ..., 0.        , 0.        ,
        0.        ],
       ...,
       [0.        , 0.        , 0.        , ..., 0.        , 0.        ,
        0.        ],
       [0.        , 0.        , 0.        , ..., 0.        , 0.        ,
        0.        ],
       [0.        , 2.29970616, 0.        , ..., 0.        , 0.        ,
        0.        ]]), [[0.1, 0.1, 0.1, 0.1, 0.1, 0.1, 0.1, 0.1, 0.1, 0.1, 0.6555555555555556, 0.6555555555555556, 0.6555555555555556, 0.6555555555555556, 0.6555555555555556, 0.6555555555555556, 0.6555555555555556, 0.6555555555555556, 0.6555555555555556, 0.6555555555555556, 1.2111111111111112, 1.2111111111111112, 1.2111111111111112, 1.2111111111111112, 1.2111111111111112, 1.2111111111111112, 1.2111111111111112, 1.2111111111111112, 1.2111111111111112, 1.2111111111111112, 1.7666666666666668, 1.7666666666666668, 1.7666666666666668, 1.7666666666666668, 1.7666666666666668, 1.7666666666666668, 1.7666666666666668, 1.7666666666666668, 1.7666666666666668, 1.7666666666666668, 2.3222222222222224, 2.3222222222222224, 2.3222222222222224, 2.3222222222222224, 2.3222222222222224, 2.3222222222222224, 2.3222222222222224, 2.3222222222222224, 2.3222222222222224, 2.3222222222222224, 2.8777777777777778, 2.8777777777777778, 2.8777777777777778, 2.8777777777777778, 2.8777777777777778, 2.8777777777777778, 2.8777777777777778, 2.8777777777777778, 2.8777777777777778, 2.8777777777777778, 3.4333333333333336, 3.4333333333333336, 3.4333333333333336, 3.4333333333333336, 3.4333333333333336, 3.4333333333333336, 3.4333333333333336, 3.4333333333333336, 3.4333333333333336, 3.4333333333333336, 3.9888888888888894, 3.9888888888888894, 3.9888888888888894, 3.9888888888888894, 3.9888888888888894, 3.9888888888888894, 3.9888888888888894, 3.9888888888888894, 3.9888888888888894, 3.9888888888888894, 4.544444444444444, 4.544444444444444, 4.544444444444444, 4.544444444444444, 4.544444444444444, 4.544444444444444, 4.544444444444444, 4.544444444444444, 4.544444444444444, 4.544444444444444, 5.1, 5.1, 5.1, 5.1, 5.1, 5.1, 5.1, 5.1, 5.1, 5.1], [7.5, 8.055555555555555, 8.61111111111111, 9.166666666666666, 9.722222222222221, 10.277777777777779, 10.833333333333334, 11.38888888888889, 11.944444444444445, 12.5, 7.5, 8.055555555555555, 8.61111111111111, 9.166666666666666, 9.722222222222221, 10.277777777777779, 10.833333333333334, 11.38888888888889, 11.944444444444445, 12.5, 7.5, 8.055555555555555, 8.61111111111111, 9.166666666666666, 9.722222222222221, 10.277777777777779, 10.833333333333334, 11.38888888888889, 11.944444444444445, 12.5, 7.5, 8.055555555555555, 8.61111111111111, 9.166666666666666, 9.722222222222221, 10.277777777777779, 10.833333333333334, 11.38888888888889, 11.944444444444445, 12.5, 7.5, 8.055555555555555, 8.61111111111111, 9.166666666666666, 9.722222222222221, 10.277777777777779, 10.833333333333334, 11.38888888888889, 11.944444444444445, 12.5, 7.5, 8.055555555555555, 8.61111111111111, 9.166666666666666, 9.722222222222221, 10.277777777777779, 10.833333333333334, 11.38888888888889, 11.944444444444445, 12.5, 7.5, 8.055555555555555, 8.61111111111111, 9.166666666666666, 9.722222222222221, 10.277777777777779, 10.833333333333334, 11.38888888888889, 11.944444444444445, 12.5, 7.5, 8.055555555555555, 8.61111111111111, 9.166666666666666, 9.722222222222221, 10.277777777777779, 10.833333333333334, 11.38888888888889, 11.944444444444445, 12.5, 7.5, 8.055555555555555, 8.61111111111111, 9.166666666666666, 9.722222222222221, 10.277777777777779, 10.833333333333334, 11.38888888888889, 11.944444444444445, 12.5, 7.5, 8.055555555555555, 8.61111111111111, 9.166666666666666, 9.722222222222221, 10.277777777777779, 10.833333333333334, 11.38888888888889, 11.944444444444445, 12.5], [723.5671521057109, 736.5242625553284, 749.1978698299257, 761.5789246051123, 773.6595637925768, 785.4330703284942, 796.8939085782828, 808.0376890318776, 818.8611217437175, 829.3620169479215, 1061.5188206670482, 1063.8797991384306, 1065.5262925755915, 1066.673201386907, 1067.4714789003249, 1068.0267879323512, 1068.4129302901385, 1068.681366499562, 1068.8679484747283, 1068.9976124773405, 1069.1714554791197, 1069.2309078799226, 1069.2612424544268, 1069.2767215868103, 1069.284622814835, 1069.2886557590996, 1069.2907104312192, 1069.2917580566625, 1069.2922978060021, 1069.2925684840736, 1069.2909660733885, 1069.2921468648854, 1069.2925856749132, 1069.2927532063961, 1069.2928186438053, 1069.2928392303231, 1069.292846284175, 1069.292850947655, 1069.2928517532905, 1069.2928514833895, 1069.2928213001605, 1069.2928419818152, 1069.2928526894802, 1069.292853845956, 1069.2928514661235, 1069.2928523010194, 1069.2928530090135, 1069.2928553750075, 1069.292852551434, 1069.2928524848674, 1069.2928522677369, 1069.292851266167, 1069.2928507002246, 1069.2928495399256, 1069.2928541859321, 1069.2928538036847, 1069.2928515443027, 1069.2928548144168, 1069.2928518087654, 1069.2928528168552, 1069.2928517182386, 1069.2928527142005, 1069.2928515742817, 1069.2928531956914, 1069.2928528885993, 1069.292854549065, 1069.292851353927, 1069.2928522110772, 1069.2928535081585, 1069.2928539355805, 1069.2928524125582, 1069.2928497765483, 1069.2928512892317, 1069.2928540733983, 1069.2928518030826, 1069.2928484507086, 1069.292850225579, 1069.2928551965601, 1069.2928535446533, 1069.2928503916164, 1069.292852862906, 1069.2928514641062, 1069.292850585787, 1069.2928560409077, 1069.292853948678, 1069.2928505370596, 1069.2928530151826, 1069.2928488133286, 1069.2928506459027, 1069.2928511243235, 1069.292852568896, 1069.2928526457397, 1069.2928531558916, 1069.2928504609295, 1069.292852919743, 1069.2928509564797, 1069.292850906, 1069.2928525773043, 1069.2928528455652, 1069.2928527908225]], [[0.1, 0.1, 0.1, 0.1, 0.1, 0.1, 0.1, 0.1, 0.1, 0.1, 0.6555555555555556, 0.6555555555555556, 0.6555555555555556, 0.6555555555555556, 0.6555555555555556, 0.6555555555555556, 0.6555555555555556, 0.6555555555555556, 0.6555555555555556, 0.6555555555555556, 1.2111111111111112, 1.2111111111111112, 1.2111111111111112, 1.2111111111111112, 1.2111111111111112, 1.2111111111111112, 1.2111111111111112, 1.2111111111111112, 1.2111111111111112, 1.2111111111111112, 1.7666666666666668, 1.7666666666666668, 1.7666666666666668, 1.7666666666666668, 1.7666666666666668, 1.7666666666666668, 1.7666666666666668, 1.7666666666666668, 1.7666666666666668, 1.7666666666666668, 2.3222222222222224, 2.3222222222222224, 2.3222222222222224, 2.3222222222222224, 2.3222222222222224, 2.3222222222222224, 2.3222222222222224, 2.3222222222222224, 2.3222222222222224, 2.3222222222222224, 2.8777777777777778, 2.8777777777777778, 2.8777777777777778, 2.8777777777777778, 2.8777777777777778, 2.8777777777777778, 2.8777777777777778, 2.8777777777777778, 2.8777777777777778, 2.8777777777777778, 3.4333333333333336, 3.4333333333333336, 3.4333333333333336, 3.4333333333333336, 3.4333333333333336, 3.4333333333333336, 3.4333333333333336, 3.4333333333333336, 3.4333333333333336, 3.4333333333333336, 3.9888888888888894, 3.9888888888888894, 3.9888888888888894, 3.9888888888888894, 3.9888888888888894, 3.9888888888888894, 3.9888888888888894, 3.9888888888888894, 3.9888888888888894, 3.9888888888888894, 4.544444444444444, 4.544444444444444, 4.544444444444444, 4.544444444444444, 4.544444444444444, 4.544444444444444, 4.544444444444444, 4.544444444444444, 4.544444444444444, 4.544444444444444, 5.1, 5.1, 5.1, 5.1, 5.1, 5.1, 5.1, 5.1, 5.1, 5.1], [7.5, 8.055555555555555, 8.61111111111111, 9.166666666666666, 9.722222222222221, 10.277777777777779, 10.833333333333334, 11.38888888888889, 11.944444444444445, 12.5, 7.5, 8.055555555555555, 8.61111111111111, 9.166666666666666, 9.722222222222221, 10.277777777777779, 10.833333333333334, 11.38888888888889, 11.944444444444445, 12.5, 7.5, 8.055555555555555, 8.61111111111111, 9.166666666666666, 9.722222222222221, 10.277777777777779, 10.833333333333334, 11.38888888888889, 11.944444444444445, 12.5, 7.5, 8.055555555555555, 8.61111111111111, 9.166666666666666, 9.722222222222221, 10.277777777777779, 10.833333333333334, 11.38888888888889, 11.944444444444445, 12.5, 7.5, 8.055555555555555, 8.61111111111111, 9.166666666666666, 9.722222222222221, 10.277777777777779, 10.833333333333334, 11.38888888888889, 11.944444444444445, 12.5, 7.5, 8.055555555555555, 8.61111111111111, 9.166666666666666, 9.722222222222221, 10.277777777777779, 10.833333333333334, 11.38888888888889, 11.944444444444445, 12.5, 7.5, 8.055555555555555, 8.61111111111111, 9.166666666666666, 9.722222222222221, 10.277777777777779, 10.833333333333334, 11.38888888888889, 11.944444444444445, 12.5, 7.5, 8.055555555555555, 8.61111111111111, 9.166666666666666, 9.722222222222221, 10.277777777777779, 10.833333333333334, 11.38888888888889, 11.944444444444445, 12.5, 7.5, 8.055555555555555, 8.61111111111111, 9.166666666666666, 9.722222222222221, 10.277777777777779, 10.833333333333334, 11.38888888888889, 11.944444444444445, 12.5, 7.5, 8.055555555555555, 8.61111111111111, 9.166666666666666, 9.722222222222221, 10.277777777777779, 10.833333333333334, 11.38888888888889, 11.944444444444445, 12.5], [41.38380289077759, 41.592419147491455, 41.81474447250366, 42.05137491226196, 42.300522327423096, 42.56337881088257, 42.83875226974487, 43.12664270401001, 43.42705011367798, 43.73997449874878, 12.039244174957275, 12.661516666412354, 13.284385204315186, 13.907253742218018, 14.529526233673096, 15.150606632232666, 15.769898891448975, 16.38740301132202, 17.003118991851807, 17.61704683303833, 10.34170389175415, 10.948479175567627, 11.55167818069458, 12.152493000030518, 12.75092363357544, 13.346374034881592, 13.940632343292236, 14.532506465911865, 15.123188495635986, 15.712082386016846, 9.634792804718018, 10.226666927337646, 10.815560817718506, 11.402666568756104, 11.988580226898193, 12.572109699249268, 13.154447078704834, 13.735592365264893, 14.315545558929443, 14.89490270614624, 9.229481220245361, 9.812414646148682, 10.394155979156494, 10.974109172821045, 11.552870273590088, 12.12984323501587, 12.706220149993896, 13.281404972076416, 13.855993747711182, 14.42939043045044, 8.963048458099365, 9.541213512420654, 10.117590427398682, 10.693371295928955, 11.267364025115967, 11.840760707855225, 12.413561344146729, 12.985169887542725, 13.556182384490967, 14.126002788543701, 8.77290964126587, 9.347498416900635, 9.921491146087646, 10.493695735931396, 11.065304279327393, 11.63572072982788, 12.205541133880615, 12.774765491485596, 13.343393802642822, 13.911426067352295, 8.630454540252686, 9.202659130096436, 9.773671627044678, 10.343492031097412, 10.913312435150146, 11.48134469985962, 12.049376964569092, 12.61681318283081, 13.183653354644775, 13.749897480010986, 8.518993854522705, 9.08881425857544, 9.65803861618042, 10.226666927337646, 10.794103145599365, 11.361539363861084, 11.927783489227295, 12.494027614593506, 13.059079647064209, 13.624131679534912, 8.428990840911865, 8.997619152069092, 9.56505537033081, 10.13249158859253, 10.69873571395874, 11.264979839324951, 11.830031871795654, 12.395083904266357, 12.959539890289307, 13.523399829864502]]]